0.932
0.932
0.969
0.938
0.905
0.920
0.926
0.951
1.13
1.02
0.962
0.926
0.948
0.938
0.979
1.04
0.948
0.987
0.964
1.01
0.976
0.979
1.02
1.01
0.969
1.00
0.987
1.01
1.00
0.967
1.07
1.08
0.956
0.997
0.992
0.963
0.974
0.936
0.987
0.972
0.983
0.993
0.995
1.04
0.985
1.06
0.962
0.968
0.959
0.986
1.19
0.943
1.00
1.02
1.15
0.987
0.987
1.03
1.01
1.01
1.04
1.03
1.07
0.950
1.01
0.939
1.11
0.975
0.981
0.959
1.01
1.00
1.08
1.00
1.01
1.05
0.972
0.972
0.961
0.968
0.970
0.956
0.958
0.955
0.954
1.01
0.984
1.05
1.00
0.966
1.07
1.42
0.982
0.956
0.924
0.948
0.964
0.989
0.950
1.04
