0.925
0.936
0.957
0.942
0.973
0.926
0.994
1.01
1.01
0.985
0.958
0.966
0.965
0.936
1.00
1.01
0.944
1.01
0.954
0.998
0.951
1.04
0.979
1.04
0.967
0.977
0.972
0.962
1.03
0.958
1.07
1.12
0.930
0.981
0.963
0.986
1.00
1.09
0.965
0.995
0.958
1.01
0.973
1.04
0.937
1.00
0.967
0.976
0.983
1.00
1.25
0.951
0.991
1.07
1.00
0.978
0.973
1.03
0.972
1.00
0.990
1.01
1.01
0.941
0.983
0.962
0.980
0.974
1.03
0.968
0.990
1.04
1.12
1.01
0.971
1.08
1.07
0.996
0.960
0.986
0.992
0.981
0.962
0.983
0.955
0.987
0.959
1.03
0.959
0.969
1.05
1.40
0.956
0.953
0.908
0.933
0.966
0.980
0.990
0.988
