0.942
1.01
0.997
1.00
0.980
1.06
0.969
0.989
0.989
0.996
0.943
0.941
0.989
1.01
0.962
0.976
1.03
1.03
0.936
0.973
0.960
1.35
0.970
1.00
0.968
1.07
1.06
0.990
1.00
1.01
1.10
1.09
0.941
1.00
0.981
0.980
0.947
1.10
0.949
0.955
0.942
1.04
0.949
1.08
0.942
1.04
1.05
0.992
1.00
0.971
1.20
0.967
1.03
1.03
0.974
1.02
0.952
1.02
0.989
1.01
1.01
1.08
1.01
0.989
0.957
0.932
1.00
0.954
0.972
1.00
0.965
0.991
1.09
1.05
0.962
1.03
1.07
1.01
1.00
0.999
0.954
1.04
1.00
1.00
0.953
1.03
0.967
1.00
0.983
1.03
1.05
1.41
0.920
0.930
1.11
0.923
0.990
1.03
0.959
0.992
