1.01
0.959
0.958
0.956
0.954
0.957
1.00
0.988
0.973
0.976
1.30
1.02
0.942
0.965
1.01
0.937
0.945
0.993
0.971
0.937
1.00
1.02
0.971
0.999
0.973
0.962
1.05
0.966
1.01
1.02
1.01
1.33
0.945
0.928
0.973
0.961
0.967
0.969
0.985
0.960
0.987
0.964
0.978
0.957
0.951
0.947
0.951
1.11
0.935
0.945
1.22
0.944
0.941
0.975
1.01
0.959
0.963
0.974
0.953
0.920
0.953
0.989
0.971
0.957
0.979
0.945
0.958
0.960
0.945
0.981
1.01
1.08
0.999
0.984
1.00
0.994
0.952
0.975
0.989
0.968
0.954
0.954
0.976
0.939
0.972
0.975
0.974
0.977
0.962
0.997
1.29
0.984
0.938
0.948
0.918
0.956
1.09
0.922
0.939
1.02
