0.978
0.998
0.955
0.942
0.937
0.989
0.912
0.974
0.920
0.929
0.924
0.968
0.949
0.949
1.02
0.944
0.954
0.952
0.941
0.963
1.00
1.01
0.995
1.02
1.03
1.08
0.988
0.953
0.990
0.993
1.02
1.08
0.908
1.03
0.988
0.947
0.956
0.995
1.00
0.947
0.944
0.985
0.958
1.06
0.964
1.02
0.998
1.01
0.968
0.963
1.20
0.991
1.01
1.05
0.948
1.00
1.03
1.01
0.958
1.07
1.00
1.02
1.01
0.965
0.966
0.983
0.972
0.956
0.980
0.984
0.973
1.01
1.07
1.02
0.988
1.06
0.996
0.980
0.976
0.978
0.911
1.06
0.986
0.969
1.01
1.00
1.00
1.01
0.967
0.958
1.09
1.42
0.931
0.932
0.919
0.960
0.949
1.00
0.973
0.997
