0.931
1.10
1.04
0.979
1.04
0.968
0.964
0.957
1.06
1.08
1.08
1.08
1.05
0.977
1.06
1.01
1.05
0.996
1.05
1.05
1.11
0.979
0.969
0.995
1.11
1.06
1.11
1.08
1.09
1.06
1.03
1.09
1.00
1.02
0.954
1.02
0.983
0.994
1.02
1.05
0.995
1.03
1.01
1.11
1.07
1.07
1.12
1.06
1.15
1.05
1.01
1.00
1.17
0.970
1.03
0.957
1.00
1.05
1.07
1.09
1.07
1.00
1.03
0.921
1.03
1.09
1.03
1.03
1.09
1.18
1.09
1.06
1.02
0.909
1.02
1.14
1.07
1.03
1.29
1.10
1.04
1.09
1.03
0.962
1.06
1.08
1.06
1.09
1.00
1.09
1.25
1.10
1.02
1.09
1.32
1.11
1.06
1.07
1.09
1.15
