0.877
0.972
0.930
0.952
1.00
1.03
0.925
0.908
0.995
0.928
0.995
0.999
0.907
0.857
1.01
0.954
1.34
0.978
0.937
1.05
1.11
1.03
0.991
0.959
1.09
1.00
1.13
1.02
1.07
1.03
0.942
0.987
0.963
0.951
0.915
0.989
0.954
0.949
1.04
0.992
0.997
1.10
0.950
1.03
1.07
0.974
1.09
0.967
1.08
0.989
1.05
0.969
0.929
0.910
0.932
0.932
1.07
0.976
0.901
1.02
1.05
0.977
0.983
0.925
0.946
1.08
0.973
0.989
1.00
1.12
0.994
0.996
0.986
0.899
1.06
1.02
1.01
1.00
1.04
1.08
1.08
1.07
1.00
0.941
1.03
0.980
1.07
1.25
1.05
1.09
1.13
1.02
0.979
1.01
0.967
1.06
0.956
1.05
1.01
1.09
