0.989
1.14
0.981
1.06
1.11
1.08
1.01
0.995
1.14
1.12
1.07
1.11
1.02
1.01
1.11
1.06
1.38
1.02
0.994
1.07
1.08
1.00
0.979
0.995
1.14
1.04
1.11
1.05
1.08
1.05
1.03
1.05
0.954
1.09
0.940
1.19
1.05
1.07
1.01
1.03
1.06
1.01
1.08
1.02
1.09
1.05
1.14
1.11
1.16
1.02
1.03
1.03
1.01
0.912
0.972
0.932
1.04
1.05
0.918
1.08
1.14
1.05
1.01
1.43
1.01
1.13
1.06
1.28
1.10
1.16
1.08
1.05
1.07
0.936
1.01
1.10
1.07
1.03
1.10
1.12
1.06
1.09
1.05
0.981
1.07
0.955
1.04
1.25
1.12
1.14
1.15
1.05
0.942
1.08
1.31
1.08
1.05
1.07
1.03
1.07
