0.914
1.02
1.03
1.04
1.05
1.06
0.989
0.955
1.04
1.05
1.04
1.05
1.02
0.896
1.04
1.03
1.06
1.03
0.987
1.09
1.13
0.946
1.09
0.983
1.06
1.03
1.13
1.16
1.08
1.07
1.08
1.15
0.980
1.03
0.979
1.07
1.01
0.980
1.00
1.01
1.01
1.07
1.02
1.09
1.06
1.02
1.20
0.970
1.20
1.04
1.02
1.03
1.16
1.02
1.01
0.976
1.05
1.13
0.938
1.15
1.09
1.03
1.04
0.936
1.10
1.10
1.02
1.01
1.14
1.15
1.07
1.10
1.08
0.960
0.976
1.06
1.05
1.00
1.07
1.12
1.11
1.11
1.04
0.933
1.12
1.06
1.05
1.02
1.08
1.10
1.14
1.02
0.949
1.10
1.03
1.03
1.05
1.06
1.05
1.01
