0.939
1.06
1.00
1.01
1.09
1.09
0.955
0.975
1.02
1.03
0.986
1.09
1.01
0.934
1.02
1.00
1.04
0.959
1.00
1.06
1.14
1.02
1.01
1.00
1.21
1.08
1.09
1.08
1.08
1.12
1.13
1.08
0.989
1.04
1.01
1.05
0.980
0.970
1.06
1.08
1.12
1.05
1.08
1.10
1.08
1.11
1.12
1.07
1.12
1.08
1.00
1.01
1.17
0.963
0.938
0.937
1.08
1.02
0.970
1.11
1.09
1.08
1.01
0.916
0.996
1.08
1.05
1.00
1.12
1.15
1.11
1.07
1.03
0.887
1.04
1.11
1.12
1.06
1.31
1.10
1.15
1.13
1.11
0.998
1.05
1.06
1.08
1.04
1.03
1.06
1.14
1.04
0.972
1.16
1.12
1.06
1.04
1.05
1.02
1.12
